
power = 2084.6382420995
throughput = 7211.98
composite = 3877.4178662167
